time	pps	kbps
0.101075	1650	58132.8
0.20166	1480	52143.4
0.302658	1000	35232
0.409741	930	32765.8
0.516728	760	26776.3
0.617704	1120	39459.8
0.719171	1140	40164.5
0.819808	660	23253.1
0.920844	550	19377.6
1.02175	900	31708.8
1.12236	950	33470.4
1.22292	1080	38050.6
1.32317	750	26424
1.42439	1210	42630.7
1.52913	1320	46506.2
1.63252	1380	48620.2
1.73362	1590	56018.9
1.83568	1450	51086.4
1.93614	1520	53552.6
2.03671	1420	50029.4
2.13867	1480	52143.4
2.23958	1140	40164.5
2.34172	1330	46858.6
2.44474	1540	54257.3
2.54787	1280	45097
2.65159	1370	48267.8
2.75272	1460	51438.7
2.85344	1110	39107.5
2.95363	850	29947.2
3.05517	1000	35232
3.15604	1240	43687.7
3.25686	1340	47210.9
3.35782	1220	42983
3.46041	1600	56371.2
3.56136	1610	56723.5
3.66252	1700	59894.4
3.76354	1530	53905
3.86563	1420	50029.4
3.96638	1740	61303.7
4.06737	1660	58485.1
4.16808	1510	53200.3
4.26979	1530	53905
4.37096	1370	48267.8
4.47183	1310	46153.9
4.57322	1230	43335.4
4.67441	1000	35232
4.77864	1710	60246.7
4.88026	1700	59894.4
4.98153	1050	36993.6
5.08229	1710	60246.7
5.18389	1460	51438.7
5.28458	1780	62713
5.38534	1250	44040
5.48632	1710	60246.7
5.58681	1840	64826.9
5.68741	1590	56018.9
5.78807	1810	63769.9
5.88874	1650	58132.8
5.98946	1870	65883.8
6.09301	1800	63417.6
6.19524	1900	66940.8
6.29834	1700	59894.4
6.39928	1420	50029.4
6.50004	1460	51438.7
6.6009	1700	59894.4
6.70146	1190	41926.1
6.80212	1000	35232
6.90262	1180	41573.8
7.02723	1290	45449.3
7.12777	390	13740.5
7.22841	1930	67997.8
7.32943	1910	67293.1
7.43133	1860	65531.5
7.53388	1480	52143.4
7.63479	1030	36289
7.73594	920	32413.4
7.83852	620	21843.8
7.94117	900	31708.8
8.04283	1360	47915.5
8.14496	1320	46506.2
8.24757	1170	41221.4
8.35018	610	21491.5
8.45204	630	22196.2
8.55314	1390	48972.5
8.65366	1640	57780.5
8.75461	1420	50029.4
8.85873	1210	42630.7
8.95948	1960	69054.7
9.06342	1540	54257.3
9.16529	1410	49677.1
9.26669	1740	61303.7
9.36752	1810	63769.9
9.46821	1670	58837.4
9.569	1730	60951.4
9.66963	1510	53200.3
9.77014	1630	57428.2
9.87153	1460	51438.7
9.97279	1430	50381.8
10.0738	1710	60246.7
10.1753	1620	57075.8
10.2761	1720	60599
10.3767	1800	63417.6
10.4776	1990	70111.7
10.5788	2100	73987.2
10.6794	2110	74339.5
10.7817	1820	64122.2
10.8836	1710	60246.7
10.9849	1570	55314.2
11.0856	1390	48972.5
11.187	1520	53552.6
11.2877	1440	50734.1
11.3882	1310	46153.9
11.4889	1570	55314.2
11.59	1130	39812.2
11.6907	1420	50029.4
11.7913	1670	58837.4
11.894	1710	60246.7
11.9975	1540	54257.3
12.0999	1230	43335.4
12.2012	1150	40516.8
12.302	1520	53552.6
12.4026	1640	57780.5
12.5039	1640	57780.5
12.6072	1410	49677.1
12.7086	1470	51791
12.8097	1480	52143.4
12.9117	1610	56723.5
13.0126	1330	46858.6
13.1135	2010	70816.3
13.2141	1780	62713
13.3158	1620	57075.8
13.4193	1410	49677.1
13.5204	1480	52143.4
13.6226	1220	42983
13.7244	660	23253.1
13.8261	900	31708.8
13.9277	1370	48267.8
14.0312	1300	45801.6
14.1355	1600	56371.2
14.2366	2070	72930.2
14.3377	1860	65531.5
14.4386	1610	56723.5
14.5393	1460	51438.7
14.6399	1660	58485.1
14.7409	1530	53905
14.8421	1560	54961.9
14.943	1450	51086.4
15.0438	1400	49324.8
15.1447	2060	72577.9
15.2479	1970	69407
15.3518	1930	67997.8
15.4528	1870	65883.8
15.5536	1580	55666.6
15.6583	1620	57075.8
15.7589	1820	64122.2
15.8603	2030	71521
15.9611	1600	56371.2
16.0635	1540	54257.3
16.1644	1250	44040
16.2656	1710	60246.7
16.3663	1870	65883.8
16.4675	1650	58132.8
16.5714	1500	52848
16.672	1610	56723.5
16.7734	1760	62008.3
16.874	1430	50381.8
16.9746	1730	60951.4
17.076	1920	67645.4
17.1767	1810	63769.9
17.2777	1740	61303.7
17.3784	1520	53552.6
17.4805	1480	52143.4
17.5828	1370	48267.8
17.6857	1750	61656
17.7871	1460	51438.7
17.8881	1860	65531.5
17.9902	1330	46858.6
18.0912	1120	39459.8
18.1922	1430	50381.8
18.2927	1620	57075.8
18.394	1350	47563.2
18.497	1620	57075.8
18.6007	1180	41573.8
18.7052	1530	53905
18.8066	1530	53905
18.9099	1890	66588.5
19.0105	1730	60951.4
19.1112	1740	61303.7
19.2156	1110	39107.5
19.3194	1150	40516.8
19.4209	1120	39459.8
19.5226	930	32765.8
19.6241	1280	45097
19.7257	1590	56018.9
19.8267	1070	37698.2
19.9272	1070	37698.2
20.0284	1190	41926.1
20.1304	1770	62360.6
20.2347	1500	52848
20.3376	1400	49324.8
20.4388	1370	48267.8
20.5398	1780	62713
20.6411	1630	57428.2
20.7422	1440	50734.1
20.8434	1480	52143.4
20.9443	1530	53905
21.0449	1530	53905
21.1459	1600	56371.2
21.2472	1040	36641.3
21.3481	1220	42983
21.4504	1890	66588.5
21.5511	1840	64826.9
21.6542	1950	68702.4
21.7555	1630	57428.2
21.8566	1590	56018.9
21.9578	1690	59542.1
22.0595	2320	81738.2
22.1603	2390	84204.5
22.2613	880	31004.2
22.3621	1260	44392.3
22.4632	1780	62713
22.5641	2320	81738.2
22.6648	2150	75748.8
22.7718	370	13035.8
22.8724	1260	44392.3
22.9741	1610	56723.5
23.0791	1280	45097
23.1804	1790	63065.3
23.2814	1520	53552.6
23.3829	1530	53905
23.4836	1860	65531.5
23.5874	1480	52143.4
23.6878	1670	58837.4
23.792	980	34527.4
23.8931	1470	51791
23.9942	1340	47210.9
24.0949	1970	69407
24.1959	1540	54257.3
24.2967	1400	49324.8
24.3975	1430	50381.8
24.4985	1790	63065.3
24.5997	1060	37345.9
24.7019	1700	59894.4
24.8032	1690	59542.1
24.9051	1470	51791
25.0064	1640	57780.5
25.1089	1380	48620.2
25.2107	1520	53552.6
25.3116	1270	44744.6
25.4125	1480	52143.4
25.5137	1530	53905
25.6144	1630	57428.2
25.715	2110	74339.5
25.8196	2030	71521
25.9229	1420	50029.4
26.0239	1730	60951.4
26.126	1220	42983
26.2283	1180	41573.8
26.3293	1650	58132.8
26.4303	1520	53552.6
26.5316	1680	59189.8
26.6322	1640	57780.5
26.7336	1440	50734.1
26.8371	1240	43687.7
26.9396	1060	37345.9
27.0402	1100	38755.2
27.1411	1190	41926.1
27.2418	1640	57780.5
27.3427	1610	56723.5
27.445	1490	52495.7
27.5461	1370	48267.8
27.6469	2060	72577.9
27.7476	1990	70111.7
27.8482	1680	59189.8
27.949	2020	71168.6
28.0516	1910	67293.1
28.1521	1660	58485.1
28.2557	1270	44744.6
28.3592	1870	65883.8
28.4606	1550	54609.6
28.5619	1860	65531.5
28.663	1510	53200.3
28.7643	1450	51086.4
28.8654	1170	41221.4
28.9663	1470	51791
29.0671	1550	54609.6
29.1708	1330	46858.6
29.2751	1150	40516.8
29.376	1370	48267.8
29.4768	1810	63769.9
29.5774	1710	60246.7
29.6791	2050	72225.6
29.7798	1720	60599
29.8804	1620	57075.8
29.9816	1700	59894.4
30.0819	1820	64122.2
30.1826	1740	61303.7
30.284	1650	58132.8
30.3847	1540	54257.3
30.4855	1890	66588.5
30.5871	1860	65531.5
30.6884	1860	65531.5
30.7928	1320	46506.2
30.8939	1560	54961.9
30.9946	1740	61303.7
31.0954	1340	47210.9
31.1959	1230	43335.4
31.2966	1270	44744.6
31.3973	1500	52848
31.4982	1370	48267.8
31.5996	1570	55314.2
31.7004	1200	42278.4
31.8013	1360	47915.5
31.902	1440	50734.1
32.0028	1630	57428.2
32.1055	1490	52495.7
32.208	1410	49677.1
32.3086	1910	67293.1
